function s = factoryDefaultsR2014a()
% -------------------------------------------------------------------
%  Generated by MATLAB on 25-Dec-2014 15:46:29
%  MATLAB version: 8.3.0.532 (R2014a)
% -------------------------------------------------------------------


s                                          = struct;
s.factoryFigureALimInclude                 = 'on';
s.factoryFigureAlphamap                    = [0 0.015873015873015872 0.031746031746031744 0.047619047619047616 0.063492063492063489 ...
    0.079365079365079361 0.095238095238095233 0.1111111111111111 0.12698412698412698 ...
    0.14285714285714285 0.15873015873015872 0.17460317460317459 0.19047619047619047 ...
    0.20634920634920634 0.22222222222222221 0.23809523809523808 0.25396825396825395 ...
    0.26984126984126983 0.2857142857142857 0.30158730158730157 0.31746031746031744 ...
    0.33333333333333331 0.34920634920634919 0.36507936507936506 0.38095238095238093 ...
    0.3968253968253968 0.41269841269841268 0.42857142857142855 0.44444444444444442 ...
    0.46031746031746029 0.47619047619047616 0.49206349206349204 0.50793650793650791 ...
    0.52380952380952384 0.53968253968253965 0.55555555555555558 0.5714285714285714 ...
    0.58730158730158732 0.60317460317460314 0.61904761904761907 0.63492063492063489 ...
    0.65079365079365081 0.66666666666666663 0.68253968253968256 0.69841269841269837 ...
    0.7142857142857143 0.73015873015873012 0.746031746031746 0.76190476190476186 ...
    0.77777777777777779 0.79365079365079361 0.80952380952380953 0.82539682539682535 ...
    0.84126984126984128 0.8571428571428571 0.873015873015873 0.88888888888888884 ...
    0.90476190476190477 0.92063492063492058 0.93650793650793651 0.95238095238095233 ...
    0.96825396825396826 0.98412698412698407 1];
s.factoryFigureBackingStore                = 'on';
s.factoryFigureBusyAction                  = 'queue';
s.factoryFigureButtonDownFcn               = '';
s.factoryFigureCLimInclude                 = 'on';
s.factoryFigureClipping                    = 'on';
s.factoryFigureCloseRequestFcn             = 'closereq';
s.factoryFigureColor                       = [0 0 0];
s.factoryFigureColormap                    = ...
    [1 0 0;
    1 0.09375 0;
    1 0.1875 0;
    1 0.28125 0;
    1 0.375 0;
    1 0.46875 0;
    1 0.5625 0;
    1 0.65625 0;
    1 0.75 0;
    1 0.84375 0;
    1 0.9375 0;
    0.96875 1 0;
    0.875 1 0;
    0.78125 1 0;
    0.6875 1 0;
    0.59375 1 0;
    0.5 1 0;
    0.40625 1 0;
    0.3125 1 0;
    0.21875 1 0;
    0.125 1 0;
    0.03125 1 0;
    0 1 0.0625;
    0 1 0.15625;
    0 1 0.25;
    0 1 0.34375;
    0 1 0.4375;
    0 1 0.53125;
    0 1 0.625;
    0 1 0.71875;
    0 1 0.8125;
    0 1 0.90625;
    0 1 1;
    0 0.90625 1;
    0 0.8125 1;
    0 0.71875 1;
    0 0.625 1;
    0 0.53125 1;
    0 0.4375 1;
    0 0.34375 1;
    0 0.25 1;
    0 0.15625 1;
    0 0.0625 1;
    0.03125 0 1;
    0.125 0 1;
    0.21875 0 1;
    0.3125 0 1;
    0.40625 0 1;
    0.5 0 1;
    0.59375 0 1;
    0.6875 0 1;
    0.78125 0 1;
    0.875 0 1;
    0.96875 0 1;
    1 0 0.9375;
    1 0 0.84375;
    1 0 0.75;
    1 0 0.65625;
    1 0 0.5625;
    1 0 0.46875;
    1 0 0.375;
    1 0 0.28125;
    1 0 0.1875;
    1 0 0.09375];
s.factoryFigureCreateFcn                   = '';
s.factoryFigureDeleteFcn                   = '';
s.factoryFigureDithermap                   = ...
    [0.33333333333333331 0.33333333333333331 0;
    0.33333333333333331 0.66666666666666663 0;
    0.33333333333333331 1 0;
    0.66666666666666663 0.33333333333333331 0;
    0.66666666666666663 0.66666666666666663 0;
    0.66666666666666663 1 0;
    1 0.33333333333333331 0;
    1 0.66666666666666663 0;
    1 1 0;
    0 0.33333333333333331 0.5;
    0 0.66666666666666663 0.5;
    0 1 0.5;
    0.33333333333333331 0 0.5;
    0.33333333333333331 0.33333333333333331 0.5;
    0.33333333333333331 0.66666666666666663 0.5;
    0.33333333333333331 1 0.5;
    0.66666666666666663 0 0.5;
    0.66666666666666663 0.33333333333333331 0.5;
    0.66666666666666663 0.66666666666666663 0.5;
    0.66666666666666663 1 0.5;
    1 0 0.5;
    1 0.33333333333333331 0.5;
    1 0.66666666666666663 0.5;
    1 1 0.5;
    0 0.33333333333333331 1;
    0 0.66666666666666663 1;
    0 1 1;
    0.33333333333333331 0 1;
    0.33333333333333331 0.33333333333333331 1;
    0.33333333333333331 0.66666666666666663 1;
    0.33333333333333331 1 1;
    0.66666666666666663 0 1;
    0.66666666666666663 0.33333333333333331 1;
    0.66666666666666663 0.66666666666666663 1;
    0.66666666666666663 1 1;
    1 0 1;
    1 0.33333333333333331 1;
    1 0.66666666666666663 1;
    0.16666666666666666 0 0;
    0.33333333333333331 0 0;
    0.5 0 0;
    0.66666666666666663 0 0;
    0.83333333333333337 0 0;
    1 0 0;
    0 0.16666666666666666 0;
    0 0.33333333333333331 0;
    0 0.5 0;
    0 0.66666666666666663 0;
    0 0.83333333333333337 0;
    0 1 0;
    0 0 0.16666666666666666;
    0 0 0.33333333333333331;
    0 0 0.5;
    0 0 0.66666666666666663;
    0 0 0.83333333333333337;
    0 0 1;
    0 0 0;
    0.14285714285714285 0.14285714285714285 0.14285714285714285;
    0.2857142857142857 0.2857142857142857 0.2857142857142857;
    0.42857142857142855 0.42857142857142855 0.42857142857142855;
    0.5714285714285714 0.5714285714285714 0.5714285714285714;
    0.7142857142857143 0.7142857142857143 0.7142857142857143;
    0.8571428571428571 0.8571428571428571 0.8571428571428571;
    1 1 1];
s.factoryFigureDithermapMode               = 'manual';
s.factoryFigureDockControls                = 'on';
s.factoryFigureDoubleBuffer                = 'on';
s.factoryFigureExportTemplate              = [];
s.factoryFigureFileName                    = '';
s.factoryFigureHandleVisibility            = 'on';
s.factoryFigureHelpFcn                     = '';
s.factoryFigureHelpTopicKey                = '';
s.factoryFigureHelpTopicMap                = '';
s.factoryFigureHitTest                     = 'on';
s.factoryFigureIncludeRenderer             = 'on';
s.factoryFigureIntegerHandle               = 'on';
s.factoryFigureInterruptible               = 'on';
s.factoryFigureInvertHardcopy              = 'on';
s.factoryFigureKeyPressFcn                 = '';
s.factoryFigureKeyReleaseFcn               = '';
s.factoryFigureMenuBar                     = 'figure';
s.factoryFigureMinColormap                 = 64;
s.factoryFigureName                        = '';
s.factoryFigureNextPlot                    = 'add';
s.factoryFigureNumberTitle                 = 'on';
s.factoryFigurePaperOrientation            = 'portrait';
s.factoryFigurePaperPosition               = [0.25 2.5 8 6];
s.factoryFigurePaperPositionMode           = 'manual';
s.factoryFigurePaperSize                   = [8.5 11];
s.factoryFigurePaperType                   = 'usletter';
s.factoryFigurePaperUnits                  = 'inches';
s.factoryFigurePointer                     = 'arrow';
s.factoryFigurePointerShapeCData           = ...
    [1 1 1 1 1 1 1 1 1 1 1 1 1 1 1 1;
    1 1 1 1 1 1 1 1 1 1 1 1 1 1 1 1;
    1 1 1 1 1 1 1 1 1 1 1 1 1 1 1 1;
    1 1 1 1 1 1 1 1 1 1 1 1 1 1 1 1;
    1 1 1 1 1 1 1 1 1 1 1 1 1 1 1 1;
    1 1 1 1 1 1 1 1 1 1 1 1 1 1 1 1;
    1 1 1 1 1 1 1 1 1 1 1 1 1 1 1 1;
    1 1 1 1 1 1 1 1 1 1 1 1 1 1 1 1;
    1 1 1 1 1 1 1 1 1 1 1 1 1 1 1 1;
    1 1 1 1 1 1 1 1 1 1 1 1 1 1 1 1;
    1 1 1 1 1 1 1 1 1 1 1 1 1 1 1 1;
    1 1 1 1 1 1 1 1 1 1 1 1 1 1 1 1;
    1 1 1 1 1 1 1 1 1 1 1 1 1 1 1 1;
    1 1 1 1 1 1 1 1 1 1 1 1 1 1 1 1;
    1 1 1 1 1 1 1 1 1 1 1 1 1 1 1 1;
    1 1 1 1 1 1 1 1 1 1 1 1 1 1 1 1];
s.factoryFigurePointerShapeHotSpot         = [1 1];
s.factoryFigurePosition                    = [100 100 660 520];
s.factoryFigurePrintTemplate               = [];
s.factoryFigureRenderer                    = 'painters';
s.factoryFigureRendererMode                = 'auto';
s.factoryFigureResize                      = 'on';
s.factoryFigureResizeFcn                   = '';
s.factoryFigureSelectionHighlight          = 'on';
